10
JJJ9K01 120 600
BBB5C67 2000 12000
CCC8D90 150 500
DDD1E23 300 2000
EEE4F56 1000 8000
FFF7G89 75 300
GGG0H12 250 1500
HHH3I45 500 5000
III6J78 800 10000
AAA1234 50 100
40
AB111222333CD 49.99 2 1
EF444555666GH 5000.01 1234 7000
IJ777888999KL 100 49 10
MN000111222OP 65.01 3 125
QR333444555ST 200.01 13 4875
UV666777888WX 30.50 5 20
YZ999000111AB 150.75 10 100
CD222333444EF 75.25 15 250
GH555666777IJ 200.00 20 500
KL888999000LM 99.99 25 1000
NO111222333PQ 45.00 30 50
RS444555666TU 60.00 35 75
VW777888999XY 85.00 40 200
ZA000111222BC 120.00 45 300
DE333444555FG 250.00 50 1000
HI666777888JK 300.00 55 1500
LM999000111NO 400.00 60 2000
PQ222333444RS 500.00 65 2500
ST555666777UV 600.00 70 3000
VX888999000WY 700.00 75 3500
YZ111222333AB 800.00 80 4000
BC444555666CD 900.00 85 4500
EF777888999GH 1000.00 90 5000
IJ111222333KL 1100.00 95 5500
MN444555666OP 1200.00 100 6000
QR777888999ST 1300.00 105 6500
UV000111222WX 1400.00 110 7000
YZ333444555AB 1500.00 115 7500
CD666777888EF 1600.00 120 8000
GH999000111IJ 1700.00 125 8500
KL222333444LM 1800.00 130 9000
NO555666777PQ 1900.00 135 9500
RS888999000TU 2000.00 140 10000
VW111222333XY 2100.00 145 10500
ZA444555666BC 2200.00 150 11000
DE777888999FG 2300.00 155 11500
HI000111222JK 2400.00 160 12000
LM333444555NO 2500.00 165 12500
PQ666777888RS 2600.00 170 13000
ST999000111UV 2700.00 175 13500